Run semi-empirical minimization
 &qmmm
    qm_theory='AM1', grms_tol=0.0005,
 scfconv=1.d-10, ndiis_attempts=700,   qmcharge=0,
 /
   6    C1       13.1520       14.4950       26.2760 
   7    N1       12.9260       14.6720       27.6520 
   6    C2       11.6030       14.7360       28.1440 
   7    N2        9.1350       14.6340       27.3730 
   6    C3       12.1050       14.3630       25.3320 
   7    N3        9.5920       14.3510       25.2370 
   6    C4        8.5930       14.4740       26.1330 
   7    N4        3.3040       11.8800       24.7550 
   6    C5       10.7850       14.4320       25.8350 
   7    N5       -1.4040       10.6120       26.1590 
   6    C6       10.5070       14.6120       27.2580 
   7    N6       -2.5420       11.6300       24.4050 
   6    C7        7.2490       14.4620       25.8820 
   6    C8        4.3600       14.7540       25.4810 
   6    C9        5.0760       15.7290       26.2640 
   6   C10        6.5000       15.5720       26.4450 
   6   C11        2.2150       11.7190       23.9890 
   6   C12        1.0530       11.2340       24.9200 
   8   O13        2.1780       11.9140       22.7590 
   6   C14        1.0640       10.5310       26.1700 
   6   C15       -0.1930       10.2330       26.7690 
   6   C16        4.5600       12.6250       24.1380 
   6   C17        5.0830       13.6370       24.9110 
   6   C18        6.5020       13.4500       25.0750 
   6   C19        5.6080       11.6790       23.7630 
   6   C20        6.8400       12.2450       24.3800 
   6   C21        8.0900       11.5090       24.1700 
   6   C22        8.1340       10.2650       23.3910 
   6   C23        6.9060        9.7460       22.8080 
   6   C24        5.6620       10.4630       23.0010 
   6   C25       -0.1780       11.6410       24.2640 
   6   C26       -1.3830       11.2970       24.9400 
   1   H01       14.1810       14.4580       25.9190 
   1   H02       11.4260       14.8810       29.2100 
   1   H03        8.6170       14.7490       28.2320 
   1   H04       12.3060       14.2160       24.2710 
   1   H05        3.3240       11.5340       25.7040 
   1   H06       -2.5680       12.1250       23.5250 
   1   H07       -3.4030       11.3900       24.8760 
   1   H08        3.2870       14.8560       25.3200 
   1   H09        4.5510       16.5720       26.7130 
   1   H10        7.0360       16.3190       27.0300 
   1   H11        2.0000       10.2360       26.6440 
   1   H12       -0.2180        9.7000       27.7200 
   1   H13        4.1680       13.1160       23.2470 
   1   H14        9.0120       11.8960       24.6040 
   1   H15        9.0770        9.7360       23.2510 
   1   H16        6.9220        8.8230       22.2290 
   1   H17        4.7470       10.0710       22.5580 
   1   H18       -0.1790       12.1760       23.3140 

