Run semi-empirical minimization
 &qmmm
    qm_theory='AM1', grms_tol=0.0005,
 scfconv=1.d-10, ndiis_attempts=700,   qmcharge=0,
 /
   1   H02        5.1710       21.4930       46.0360 
   1   H04        3.2840       17.2850       46.6000 
   1   H06        4.0730       16.6940       44.6940 
   1   H03        6.3240       17.3120       48.5180 
   1   H08        6.6390       16.0160       45.8560 
   1   H07        4.2170       15.1190       45.6650 
   1   H11        7.0550       14.1620       44.8350 
   1   H10        5.3620       14.2030       44.1220 
   1   H09        6.1900       16.8330       44.2870 
   1   H05        4.4980       16.2790       47.5810 
   1   H15        6.3640       14.8200       40.7370 
   1   H14        5.0150       15.2240       41.8250 
   1   H13        7.2780       15.8320       42.7130 
   1   H16        5.5750       13.5410       41.6920 
   1   H20       10.5250       20.4280       45.1580 
   1   H19       11.8580       22.4530       45.7080 
   1   H18       10.9230       24.1740       47.2610 
   1   H21        8.2850       20.0890       46.1830 
   1   H17        8.0260       18.6160       49.4390 
   1   H12        7.6180       14.0320       42.7400 
   1   H01        3.9900       19.3610       45.5100 
   6     C        4.7620       19.3850       46.2790 
   6    C1        5.4270       20.5790       46.5730 
   6    C2        6.4220       20.5990       47.5580 
   6    C3        6.7380       19.4300       48.2550 
   6    C4        6.0770       18.2240       47.9740 
   6    C5        5.0950       18.2200       46.9800 
   6    C6        4.3090       16.9370       46.7330 
   6    C7        4.5790       16.1300       45.4780 
   6    C8        6.0020       16.0050       44.9710 
   6    C9        6.3220       14.7050       44.2380 
   6   C10        6.8760       14.8250       42.8280 
   6   C11        5.8870       14.5850       41.6890 
   8     O        7.7330       19.5020       49.2140 
   8    O1        7.0610       21.8120       47.8670 
   6   C12        8.3280       21.9450       47.2730 
   6   C13        9.0820       23.0790       47.5540 
   6   C14       10.3490       23.2810       47.0130 
   6   C15       10.8700       22.3160       46.1460 
   6   C16       10.1220       21.1750       45.8420 
   6   C17        8.8570       20.9880       46.4130 
  35    Br        8.3250       24.3820       48.7350 

